s td 50 4 58
b 1 1 2 4
b 2 2 4 5
b 3 2 3 5
b 4 3 6
b 5 6 7 9
b 6 7 9 13
b 7 9 13 15
b 8 8 10 14
b 9 10 14 19
b 10 10 17 19
b 11 17 19 21
b 12 11 12 16 18
b 13 12 16 20
b 14 17 21 25
b 15 21 24 25
b 16 20 22 27
b 17 20 23 28
b 18 20 27 29
b 19 20 28 29
b 20 12 20 29
b 21 12 29 32
b 22 26 30 35
b 23 26 35 36
b 24 24 26 36
b 25 24 33 36
b 26 24 25 33
b 27 13 25 38
b 28 9 13 38
b 29 31 32 34 37
b 30 12 32 34
b 31 9 12 34
b 32 9 34 39
b 33 9 38 39
b 34 38 39 41
b 35 39 41 42
b 36 40 41 42
b 37 41 42 47
b 38 42 43 47
b 39 43 47
b 40 44 45 50
b 41 43 44 46 50
b 42 43 46 50
b 43 48 49 57
b 44 49 57 58
b 45 49 51
b 46 46 53 56
b 47 46 50 56
b 48 47 51 52
b 49 51 52 54
b 50 52 54 55
1 2
2 3
3 4
4 5
5 6
6 28
7 28
8 9
9 10
10 11
11 14
12 13
13 20
14 15
15 26
16 18
17 19
18 20
19 20
20 21
21 30
22 23
23 24
24 25
25 26
26 27
27 28
28 33
29 30
30 31
31 32
32 33
33 34
34 35
35 37
36 37
37 48
37 38
38 41
38 39
40 41
41 47
41 42
43 44
44 45
45 49
46 47
48 49
49 50
