s td 34 3 36
b 1 1 4
b 2 2 6
b 3 3 8
b 4 4 12
b 5 5 7
b 6 6 16
b 7 7 10
b 8 8 11
b 9 29 31
b 10 23 29
b 11 30 33
b 12 24 30
b 13 32 35
b 14 21 32
b 15 34 36
b 16 25 34
b 17 9 10 15
b 18 10 15 18
b 19 11 12 15
b 20 12 15 16
b 21 13 14 17
b 22 14 17 19
b 23 15 16 17
b 24 15 18 23
b 25 17 19 27
b 26 21 22 25
b 27 15 23 28
b 28 15 20 28
b 29 15 17 20
b 30 17 20 24
b 31 17 24 25
b 32 17 22 25
b 33 17 22 27
b 34 22 26 27
1 4
2 6
3 8
4 20
5 7
6 23
7 18
8 19
9 10
10 27
11 12
12 31
13 14
14 26
15 16
16 32
17 18
18 24
19 20
20 23
21 22
22 25
23 29
24 27
25 33
26 32
27 28
28 29
29 30
30 31
31 32
32 33
33 34
