s td 40 3 43
b 1 4 7
b 2 1 4
b 3 1 2
b 4 2 5
b 5 5 8
b 6 8 9
b 7 20 23 32
b 8 35 39
b 9 39 42
b 10 39 40
b 11 3 6 9
b 12 6 9 29
b 13 10 11 14
b 14 10 13 18
b 15 10 14 19
b 16 15 16 27
b 17 16 24 27
b 18 16 17 24
b 19 17 24 28
b 20 28 29
b 21 10 18 21
b 22 10 19 22
b 23 10 21 22
b 24 6 10 21
b 25 12 20 32
b 26 12 32 38
b 27 6 12 38
b 28 6 21 25
b 29 25 26 31
b 30 6 29 40
b 31 25 30 33
b 32 25 31 34
b 33 25 33 36
b 34 25 34 37
b 35 25 36 37
b 36 6 25 36
b 37 6 36 41
b 38 6 38 41
b 39 6 40 41
b 40 40 41 43
1 2
2 3
3 4
4 5
5 6
6 12
7 25
8 10
9 10
10 40
11 12
12 30
13 15
14 21
15 22
16 17
17 18
18 19
19 20
20 30
21 24
22 23
23 24
24 28
25 26
26 27
27 38
28 36
29 32
30 39
31 33
32 34
33 36
34 35
35 36
36 37
37 39
38 39
39 40
