s td 40 3 45
b 1 1 2 3
b 2 4 5 10
b 3 8 12 13
b 4 2 5
b 5 2 3
b 6 3 13
b 7 11 15 20
b 8 11 16 20
b 9 14 16
b 10 14 19
b 11 30 37 39
b 12 30 32 39
b 13 25 32
b 14 24 25
b 15 40 44 45
b 16 41 42 43
b 17 43 44
b 18 41 43
b 19 38 41
b 20 6 7 9
b 21 7 9 22
b 22 9 18 22
b 23 12 13 17
b 24 17 18 22
b 25 17 21 22
b 26 12 17 21
b 27 12 19 23
b 28 12 21 26
b 29 12 23 24
b 30 12 24 31
b 31 12 26 31
b 32 29 34 35
b 33 27 29 35
b 34 26 27 29
b 35 26 28 29
b 36 26 28 31
b 37 28 31 33
b 38 31 33 36
b 39 33 36 38
b 40 38
1 5
2 4
3 23
4 5
5 6
6 23
7 8
8 9
9 10
10 27
11 12
12 13
13 14
14 30
15 17
16 18
17 18
18 19
19 40
20 21
21 22
22 24
23 26
24 25
25 26
26 28
27 29
28 31
29 30
30 31
31 36
32 33
33 34
34 35
35 36
36 37
37 38
38 39
39 40
