s td 36 4 39
b 1 5 7
b 2 7 9
b 3 9 12
b 4 12 16
b 5 16 19
b 6 32 35
b 7 31 32
b 8 29 31
b 9 24 29
b 10 21 24
b 11 2 3 4
b 12 2 4 8
b 13 1 2 8
b 14 10 11 15
b 15 10 14 15
b 16 8 13 18
b 17 8 17 18
b 18 1 8 17
b 19 10 15 19
b 20 1 17 25
b 21 10 19 21
b 22 6 20 34
b 23 10 21 23
b 24 22 23 27
b 25 23 27 28
b 26 10 23 27
b 27 25 26 30
b 28 25 30 33
b 29 1 25 33
b 30 33 36 39
b 31 33 38 39
b 32 1 33 38
b 33 1 37 38
b 34 1 6 10 37
b 35 6 10 34 37
b 36 10 27 34 37
1 2
2 3
3 4
4 5
5 21
6 7
7 8
8 9
9 10
10 23
11 12
12 13
13 18
14 19
15 19
16 17
17 18
18 20
19 21
20 29
21 23
22 35
23 26
24 26
25 26
26 36
27 28
28 29
29 32
30 31
31 32
32 33
33 34
34 35
35 36
