s td 56 4 60
b 1 7 12 13
b 2 14 18 21
b 3 18 21 23
b 4 45 48 50
b 5 54 56 57
b 6 1 2 4
b 7 2 4 5
b 8 4 5 8
b 9 5 8 10
b 10 3 5 6
b 11 5 6 10
b 12 6 10 11
b 13 9 10 15
b 14 10 11 17
b 15 10 16 17
b 16 10 15 16
b 17 12 13 19
b 18 13 19 26
b 19 19 26 28
b 20 15 16 28
b 21 19 24 28
b 22 20 25 27
b 23 21 23 24
b 24 23 24 31
b 25 25 27 33
b 26 27 33 36
b 27 24 31 32 38
b 28 30 34 40
b 29 30 37 40
b 30 22 30 37
b 31 22 29 37
b 32 16 22 29
b 33 16 28 29
b 34 28 29 33
b 35 33 36 42
b 36 24 32 38 43
b 37 24 32 35 43
b 38 24 28 35
b 39 28 33 35
b 40 33 35 39
b 41 33 39 42
b 42 39 42 44
b 43 39 41 44 46
b 44 41 44 46 48
b 45 44 47 52
b 46 48 50 54
b 47 52 53 59
b 48 48 54 56
b 49 48 51 56
b 50 44 46 48 51
b 51 44 46 49 51
b 52 44 49 52
b 53 49 52 55
b 54 52 55 58
b 55 52 58 59
b 56 58 59 60
1 17
2 3
3 23
4 46
5 48
6 7
7 8
8 9
9 11
10 11
11 12
12 14
13 16
14 15
15 16
16 20
17 18
18 19
19 21
20 33
21 38
22 25
23 24
24 27
25 26
26 35
27 36
28 29
29 30
30 31
31 32
32 33
33 34
34 39
35 41
36 37
37 38
38 39
39 40
40 41
41 42
42 43
43 44
44 50
45 52
46 48
47 55
48 49
49 50
50 51
51 52
52 53
53 54
54 55
55 56
