s td 90 3 92
b 1 1 2 7
b 2 2 7 11
b 3 3 8 15
b 4 4 6 13
b 5 5 8 19
b 6 6 13 14
b 7 7 11 17
b 8 9 12 16
b 9 10 12 22
b 10 11 17 24
b 11 13 14 30
b 12 14 28 30
b 13 8 15 25
b 14 18 21 32
b 15 8 19 20
b 16 8 20 25
b 17 21 32 45
b 18 12 22 36
b 19 23 34 40
b 20 20 25 37
b 21 20 24 37
b 22 27 35 51
b 23 28 30 42
b 24 30 34 42
b 25 32 45 47
b 26 35 51 56
b 27 12 26 36
b 28 12 16 26
b 29 16 26 31
b 30 16 17 31
b 31 17 31 41
b 32 24 37 42
b 33 38 45 53
b 34 29 39 51
b 35 29 40 51
b 36 41 44 55
b 37 43 46 62
b 38 45 47 65
b 39 49 50 64
b 40 50 63 64
b 41 54 56 80
b 42 41 55 67
b 43 43 62 70
b 44 66 71 78
b 45 41 59 67
b 46 43 60 70
b 47 33 43 60
b 48 71 78 84
b 49 59 72 73
b 50 59 60 73
b 51 41 59 60
b 52 33 41 60
b 53 17 33 41
b 54 17 24 33
b 55 24 33 42
b 56 33 42 48
b 57 42 48 63
b 58 61 74 76
b 59 65 79 85
b 60 56 80 81
b 61 51 56 81
b 62 51 81 83
b 63 51 69 83
b 64 40 51 69
b 65 40 58 69
b 66 34 40 58
b 67 34 52 58
b 68 34 42 52
b 69 42 52 57
b 70 42 57 63
b 71 57 63 68
b 72 78 84 88
b 73 65 75 85
b 74 61 65 75
b 75 45 61 65
b 76 45 53 61
b 77 53 61 64
b 78 61 64 76
b 79 63 64 76
b 80 63 76 82
b 81 87 90 91
b 82 77 87 90
b 83 77 86 90
b 84 68 77 86
b 85 68 78 86
b 86 63 68 78
b 87 63 78 82
b 88 78 82 88
b 89 82 88 89
b 90 88 89 92
1 2
2 7
3 13
4 6
5 15
6 11
7 10
8 28
9 18
10 54
11 12
12 23
13 16
14 17
15 16
16 20
17 25
18 27
19 66
20 21
21 32
22 26
23 24
24 68
25 38
26 61
27 28
28 29
29 30
30 31
31 53
32 55
33 76
34 35
35 64
36 42
37 43
38 75
39 40
40 79
41 60
42 45
43 46
44 48
45 51
46 47
47 52
48 72
49 50
50 51
51 52
52 53
53 54
54 55
55 56
56 57
57 70
58 78
59 73
60 61
61 62
62 63
63 64
64 65
65 66
66 67
67 68
68 69
69 70
70 71
71 86
72 88
73 74
74 75
75 76
76 77
77 78
78 79
79 80
80 87
81 82
82 83
83 84
84 85
85 86
86 87
87 88
88 89
89 90
