s td 57 3 58
b 1 1 3 5
b 2 2 4 6
b 3 3 5 7
b 4 4 6 9
b 5 5 7 8
b 6 5 6 8
b 7 6 9 10
b 8 12 13 18
b 9 14 15 25
b 10 10 16 23
b 11 11 17 23
b 12 13 18 26
b 13 20 21 29
b 14 10 11 23
b 15 6 10 11
b 16 6 8 11
b 17 8 11 14
b 18 24 26 36
b 19 14 25 31
b 20 21 27 34
b 21 19 28 32
b 22 21 29 30
b 23 21 30 32
b 24 14 22 31
b 25 11 14 22
b 26 11 19 22
b 27 11 13 19
b 28 19 21 32
b 29 13 19 21
b 30 13 21 26
b 31 21 26 34
b 32 33 38 40
b 33 36 39 44
b 34 38 40 46
b 35 34 35 41
b 36 26 34 35
b 37 26 35 36
b 38 36 38 44
b 39 35 36 38
b 40 42 45 53
b 41 46 47 54
b 42 42 49 52
b 43 46 52 54
b 44 38 46 52
b 45 38 42 52
b 46 35 38 42
b 47 35 37 42
b 48 37 42 43
b 49 48 55 58
b 50 51 56 58
b 51 50 53 57
b 52 42 50 53
b 53 42 43 50
b 54 43 50 51
b 55 43 48 51
b 56 48 51 58
b 57 51 58
1 3
2 4
3 5
4 7
5 6
6 16
7 15
8 12
9 19
10 14
11 14
12 30
13 22
14 15
15 16
16 17
17 25
18 37
19 24
20 31
21 28
22 23
23 28
24 25
25 26
26 27
27 29
28 29
29 30
30 31
31 36
32 34
33 38
34 44
35 36
36 37
37 39
38 39
39 46
40 52
41 43
42 45
43 44
44 45
45 46
46 47
47 48
48 53
49 56
50 57
51 52
52 53
53 54
54 55
55 56
56 57
