s td 97 3 99
b 1 1 2 4
b 2 2 4 6
b 3 3 5 8
b 4 4 6 7
b 5 5 8 10
b 6 6 7 13
b 7 6 8 13
b 8 9 11 12
b 9 8 10 15
b 10 8 13 15
b 11 11 12 18
b 12 13 15 18
b 13 14 17 20
b 14 15 18 23
b 15 17 20 26
b 16 19 22 29
b 17 20 26 28
b 18 16 21 27
b 19 23 24 34
b 20 26 28 42
b 21 16 25 27
b 22 12 16 25
b 23 22 25 30
b 24 12 22 25
b 25 12 18 22
b 26 32 34 38
b 27 35 36 47
b 28 36 39 57
b 29 33 40 46
b 30 28 42 51
b 31 29 44 46
b 32 38 45 58
b 33 29 33 46
b 34 22 29 33
b 35 18 22 33
b 36 36 47 52
b 37 36 52 57
b 38 48 55 61
b 39 41 49 60
b 40 37 50 52
b 41 28 43 51
b 42 28 33 43
b 43 18 28 33
b 44 18 23 28
b 45 23 28 31
b 46 23 31 34
b 47 55 61 68
b 48 56 59 69
b 49 52 57 69
b 50 59 69 71
b 51 41 60 63
b 52 61 68 72
b 53 54 65 70
b 54 62 66 78
b 55 67 75 82
b 56 68 72 83
b 57 54 58 70
b 58 38 54 58
b 59 34 38 54
b 60 69 71 77
b 61 64 74 85
b 62 62 78 84
b 63 72 79 87
b 64 72 83 87
b 65 62 73 84
b 66 53 62 73
b 67 53 63 73
b 68 37 53 63
b 69 37 41 63
b 70 31 37 41
b 71 31 34 37
b 72 34 37 54
b 73 37 52 54
b 74 52 54 64
b 75 52 64 69
b 76 64 76 85
b 77 64 69 76
b 78 69 76 77
b 79 83 87 91
b 80 82 88 96
b 81 83 91 94
b 82 77 83 94
b 83 86 95 96
b 84 82 86 96
b 85 75 82 86
b 86 75 80 86
b 87 80 86 92
b 88 80 81 92
b 89 81 92 97
b 90 81 93 97
b 91 76 81 93
b 92 76 89 93
b 93 76 77 89
b 94 77 89 90
b 95 77 90 94
b 96 90 94 98
b 97 94 98 99
1 2
2 4
3 5
4 6
5 9
6 7
7 10
8 11
9 10
10 12
11 25
12 14
13 15
14 44
15 17
16 34
17 20
18 21
19 46
20 30
21 22
22 24
23 24
24 25
25 35
26 59
27 36
28 37
29 33
30 41
31 33
32 58
33 34
34 35
35 43
36 37
37 49
38 47
39 51
40 73
41 42
42 43
43 44
44 45
45 46
46 71
47 52
48 50
49 75
50 60
51 69
52 56
53 57
54 62
55 85
56 64
57 58
58 59
59 72
60 78
61 76
62 65
63 64
64 79
65 66
66 67
67 68
68 69
69 70
70 71
71 72
72 73
73 74
74 75
75 77
76 77
77 78
78 93
79 81
80 84
81 82
82 95
83 84
84 85
85 86
86 87
87 88
88 89
89 90
90 91
91 92
92 93
93 94
94 95
95 96
96 97
