s td 33 3 34
b 1 15 30 33
b 2 3 6 15
b 3 1 4 17
b 4 5 6 15
b 5 1 8 24
b 6 5 10 21
b 7 7 11 14
b 8 7 12 14
b 9 7 9 14
b 10 13 14 16
b 11 9 14 16
b 12 5 15 33
b 13 9 16 19
b 14 1 17 32
b 15 9 18 19
b 16 9 20 29
b 17 5 21 26
b 18 18 22 25
b 19 18 23 25
b 20 9 18 25
b 21 9 25 29
b 22 2 9 29
b 23 1 24 34
b 24 1 32 34
b 25 1 2 34
b 26 26 27 33
b 27 5 26 33
b 28 2 5 26
b 29 2 26 31
b 30 2 31 34
b 31 2 29 31
b 32 28 29 31
b 33 29 31
1 12
2 4
3 14
4 12
5 23
6 17
7 9
8 9
9 11
10 11
11 13
12 27
13 15
14 24
15 20
16 22
17 28
18 20
19 20
20 21
21 22
22 31
23 25
24 25
25 30
26 27
27 28
28 29
29 31
30 31
31 33
32 33
