s td 53 6 58
b 1 1 2 6
b 2 2 6 7
b 3 3 4 8
b 4 4 8 9
b 5 5 6 11
b 6 8 9 15
b 7 8 14 15
b 8 7 8 14
b 9 10 11 16
b 10 7 14 20
b 11 11 16 21
b 12 25 26 32
b 13 21 27 33
b 14 25 32 38
b 15 25 37 38
b 16 33 39 44
b 17 33 44 45
b 18 48 49 54
b 19 45 50 51
b 20 48 54 58
b 21 51 55 56
b 22 51 52 56
b 23 53 57 58
b 24 48 53 58
b 25 43 48 53
b 26 43 52 53
b 27 20 25 31 37
b 28 6 7 12 23 36 43
b 29 6 12 17 23 36 43
b 30 6 17 21 23 36 43
b 31 6 11 17 21
b 32 17 21 23 28 36 43
b 33 17 21 22 28
b 34 21 23 28 36 41 43
b 35 23 28 35 36 41
b 36 23 28 29 35
b 37 21 28 36 41 43 51
b 38 21 28 41 45 51
b 39 21 28 34 41 45
b 40 21 33 34 45
b 41 34 40 41 45
b 42 36 41 43 47 51
b 43 36 42 43 47
b 44 41 46 47 51
b 45 43 47 51 52
b 46 12 17 18 23
b 47 7 12 19 23 36 43
b 48 7 12 13 19
b 49 7 19 23 31 36 43
b 50 7 19 20 31 43
b 51 20 31 37 43
b 52 19 23 30 31 36
b 53 19 23 24 30
1 2
2 28
3 4
4 6
5 31
6 7
7 8
8 10
9 11
10 50
11 31
12 14
13 40
14 15
15 27
16 17
17 40
18 20
19 38
20 24
21 22
22 45
23 24
24 25
25 26
26 45
27 51
28 29
28 47
29 30
29 46
30 31
30 32
32 33
32 34
34 35
34 37
35 36
37 38
37 42
38 39
39 40
39 41
42 43
42 44
42 45
47 48
47 49
49 50
49 52
50 51
52 53
