s td 60 5 63
b 1 11 17 20
b 2 20 26 27
b 3 20 24 27
b 4 39 41 46
b 5 44 45 51
b 6 36 44 45
b 7 1 2 4
b 8 2 4 6
b 9 2 6 8
b 10 3 5 7
b 11 6 8 14
b 12 5 7 12
b 13 5 11 12
b 14 5 10 11
b 15 8 14 15
b 16 9 13 16
b 17 13 16 23
b 18 10 11 18
b 19 11 18 20
b 20 18 20 24
b 21 13 22 23
b 22 22 23 29
b 23 18 24 25
b 24 15 21 25 31
b 25 23 29 31
b 26 28 34 36
b 27 32 33 40
b 28 33 40 43
b 29 40 43 50
b 30 34 36 42
b 31 36 42 45
b 32 29 35 47
b 33 37 43 48
b 34 43 48 53
b 35 43 50 53
b 36 42 45 54
b 37 29 47 49
b 38 29 39 49
b 39 29 31 39
b 40 31 39 41
b 41 50 53 55
b 42 53 55 57
b 43 41 52 53
b 44 42 54 56
b 45 59 60 63
b 46 61 62 63
b 47 59 61 63
b 48 57 59 61
b 49 57 58 61
b 50 53 57 58
b 51 53 56 58
b 52 42 53 56
b 53 38 42 53
b 54 38 41 53
b 55 31 38 41
b 56 30 31 38
b 57 15 25 30 31
b 58 14 15 19 24
b 59 15 19 24 25 30
b 60 24 25 30
1 19
2 3
3 20
4 40
5 6
6 31
7 8
8 9
9 11
10 12
11 15
12 13
13 14
14 18
15 58
16 17
17 21
18 19
19 20
20 23
21 22
22 25
23 60
24 57
25 39
26 30
27 28
28 29
29 35
30 31
31 36
32 37
33 34
34 35
35 41
36 44
37 38
38 39
39 40
40 55
41 42
42 50
43 54
44 52
45 47
46 47
47 48
48 49
49 50
50 51
51 52
52 53
53 54
54 55
55 56
56 57
57 59
58 59
59 60
