s td 47 4 49
b 1 1 2 4
b 2 5 6 9
b 3 1 7 19
b 4 10 11 13
b 5 4 12 20
b 6 3 14 24
b 7 9 16 23
b 8 5 17 32
b 9 8 18 27
b 10 1 19 26
b 11 4 20 29
b 12 11 21 41
b 13 13 22 28
b 14 9 23 33
b 15 3 24 30
b 16 15 25 38
b 17 1 26 34
b 18 8 27 36
b 19 13 28 39
b 20 4 29 31
b 21 3 30 35
b 22 5 32 45
b 23 9 33 35
b 24 1 34 40
b 25 8 36 40
b 26 31 37 42
b 27 15 38 44
b 28 13 39 40
b 29 11 41 49
b 30 15 43 44
b 31 5 45 46
b 32 42 46 47
b 33 46 48 49
b 34 11 46 49
b 35 1 3 4 40
b 36 3 4 35 40
b 37 4 31 35 40
b 38 31 35 40 42
b 39 5 8 9 46
b 40 8 9 40 46
b 41 9 35 40 46
b 42 35 40 42 46
b 43 40 42 46
b 44 11 13 15 46
b 45 13 15 40 46
b 46 15 40 43 46
b 47 40 43 46
1 35
2 39
3 10
4 44
5 11
6 15
7 14
8 22
9 18
10 17
11 20
12 29
13 19
14 23
15 21
16 27
17 24
18 25
19 28
20 37
21 36
22 31
23 41
24 35
25 40
26 38
27 30
28 45
29 34
30 46
31 39
32 43
33 34
34 44
35 36
36 37
37 38
38 42
39 40
40 41
41 42
42 43
43 47
44 45
45 46
46 47
