s td 37 3 39
b 1 1 2 3
b 2 2 3 5
b 3 3 4 5
b 4 4 5 12
b 5 4 6 10
b 6 7 8 11
b 7 8 11 13
b 8 4 9 20
b 9 10 11 13
b 10 10 13 17
b 11 4 10 17
b 12 14 15 18
b 13 15 18 21
b 14 17 18 21
b 15 17 21 23
b 16 4 17 23
b 17 12 19 22
b 18 12 16 22
b 19 4 12 16
b 20 4 16 20
b 21 4 20 23
b 22 20 23 24
b 23 23 24 27
b 24 24 27 28
b 25 25 26 29
b 26 26 29 33
b 27 27 28 32
b 28 28 32 38
b 29 29 32 33
b 30 32 33 35
b 31 30 31 34
b 32 31 34 36
b 33 32 35 38
b 34 34 35 36
b 35 35 36 37
b 36 35 37 38
b 37 37 38 39
1 2
2 3
3 4
4 19
5 11
6 7
7 9
8 21
9 10
10 11
11 16
12 13
13 14
14 15
15 16
16 21
17 18
18 19
19 20
20 21
21 22
22 23
23 24
24 27
25 26
26 29
27 28
28 33
29 30
30 33
31 32
32 34
33 36
34 35
35 36
36 37
