s td 135 3 137
b 1 1 2 4
b 2 2 4 7
b 3 3 5 6
b 4 4 7 9
b 5 5 6 16
b 6 7 9 12
b 7 8 18 20
b 8 9 10 29
b 9 9 12 32
b 10 14 16 39
b 11 17 21 28
b 12 18 20 36
b 13 20 35 36
b 14 21 28 44
b 15 22 24 48
b 16 19 23 48
b 17 13 19 48
b 18 24 41 48
b 19 11 25 38
b 20 26 32 42
b 21 9 29 34
b 22 13 30 43
b 23 13 43 48
b 24 15 31 38
b 25 9 27 34
b 26 9 27 32
b 27 27 32 46
b 28 35 36 51
b 29 36 51 52
b 30 37 41 53
b 31 11 15 38
b 32 6 11 15
b 33 6 15 16
b 34 15 16 28
b 35 33 45 56
b 36 32 46 49
b 37 32 42 49
b 38 42 49 55
b 39 42 47 55
b 40 40 50 56
b 41 51 52 66
b 42 52 66 70
b 43 41 53 61
b 44 47 55 67
b 45 33 40 56
b 46 33 57 60
b 47 44 58 65
b 48 33 39 60
b 49 16 33 39
b 50 16 28 33
b 51 28 33 40
b 52 43 63 76
b 53 44 47 65
b 54 28 44 47
b 55 28 40 47
b 56 40 47 62
b 57 66 70 78
b 58 47 64 67
b 59 47 62 64
b 60 62 64 75
b 61 61 62 75
b 62 69 71 77
b 63 70 78 80
b 64 71 77 78
b 65 73 81 82
b 66 43 59 76
b 67 43 48 59
b 68 48 59 68
b 69 48 54 68
b 70 41 48 54
b 71 41 54 61
b 72 54 61 72
b 73 77 78 83
b 74 79 85 88
b 75 81 82 93
b 76 72 84 92
b 77 85 88 99
b 78 85 98 99
b 79 89 100 101
b 80 80 87 90
b 81 78 80 87
b 82 78 83 87
b 83 91 92 101
b 84 87 97 102
b 85 100 101 113
b 86 87 102 111
b 87 107 112 123
b 88 95 108 117
b 89 94 96 109
b 90 98 110 112
b 91 98 99 112
b 92 87 96 111
b 93 83 87 96
b 94 83 94 96
b 95 75 83 94
b 96 101 113 118
b 97 101 114 118
b 98 92 101 114
b 99 92 103 114
b 100 119 120 129
b 101 112 122 123
b 102 116 124 136
b 103 103 115 126
b 104 119 129 135
b 105 122 130 133
b 106 121 132 137
b 107 122 127 133
b 108 112 122 127
b 109 112 115 127
b 110 99 112 115
b 111 99 103 115
b 112 86 99 103
b 113 86 92 103
b 114 74 86 92
b 115 72 74 92
b 116 61 72 74
b 117 61 74 75
b 118 74 75 82
b 119 75 82 94
b 120 125 134 136
b 121 119 128 135
b 122 104 119 128
b 123 104 117 128
b 124 93 104 117
b 125 93 95 117
b 126 82 93 95
b 127 82 94 95
b 128 94 95 105
b 129 95 105 106
b 130 105 106 121
b 131 116 125 136
b 132 106 116 125
b 133 106 121 125
b 134 121 125 131
b 135 121 131 137
1 2
2 4
3 5
4 6
5 33
6 9
7 12
8 21
9 26
10 49
11 14
12 13
13 28
14 54
15 18
16 17
17 23
18 70
19 31
20 37
21 25
22 23
23 67
24 31
25 26
26 27
27 36
28 29
29 41
30 43
31 32
32 33
33 34
34 50
35 45
36 37
37 38
38 39
39 44
40 45
41 42
42 57
43 71
44 58
45 51
46 48
47 53
48 49
49 50
50 51
51 55
52 66
53 54
54 55
55 56
56 59
57 63
58 59
59 60
60 61
61 117
62 64
63 81
64 73
65 75
66 67
67 68
68 69
69 70
70 71
71 72
72 116
73 82
74 77
75 126
76 115
77 78
78 91
79 85
80 81
81 82
82 93
83 98
84 86
85 96
86 92
87 101
88 125
89 94
90 91
91 110
92 93
93 94
94 95
95 119
96 97
97 98
98 99
99 113
100 104
101 108
102 131
103 111
104 121
105 107
106 135
107 108
108 109
109 110
110 111
111 112
112 113
113 114
114 115
115 116
116 117
117 118
118 119
119 127
120 131
121 122
122 123
123 124
124 125
125 126
126 127
127 128
128 129
129 130
130 133
131 132
132 133
133 134
134 135
