s td 114 5 118
b 1 1 4 5
b 2 4 5 10
b 3 18 20 32
b 4 11 12 24
b 5 25 34 36
b 6 13 17 26
b 7 29 39 40
b 8 53 54 60
b 9 61 64 70
b 10 75 79 86
b 11 75 83 86
b 12 83 86 91
b 13 94 96 105
b 14 108 111 116
b 15 2 3 6
b 16 3 4 10
b 17 7 8 11
b 18 8 11 13
b 19 11 13 17
b 20 6 9 16
b 21 6 12 16
b 22 3 6 12
b 23 3 11 12
b 24 3 10 11
b 25 10 11 15
b 26 11 15 17
b 27 14 21 23
b 28 15 17 27
b 29 19 20 32 34
b 30 19 32 34
b 31 21 23 33
b 32 21 31 33
b 33 21 22 31
b 34 28 30 37
b 35 30 36 37
b 36 36 37 46
b 37 36 46 49
b 38 34 36 49
b 39 29 35 39
b 40 32 41 50
b 41 31 42 45
b 42 31 35 45
b 43 22 31 35
b 44 17 22 35
b 45 17 29 35
b 46 17 27 29
b 47 27 29 44
b 48 34 43 50
b 49 32 34 50
b 50 19 27 34
b 51 34 49 51
b 52 27 34 38 51
b 53 44 52 58
b 54 55 58 62
b 55 57 59 65
b 56 59 65 67
b 57 65 67 69
b 58 67 69 77
b 59 67 72 77
b 60 53 60 66
b 61 61 63 70
b 62 58 62 68
b 63 58 67 68
b 64 58 67 72
b 65 63 70 78
b 66 63 73 78
b 67 63 66 73
b 68 71 81 82
b 69 81 82 88
b 70 74 76 80
b 71 76 80 87
b 72 80 87 89
b 73 80 84 89
b 74 84 89 92
b 75 89 92 96
b 76 88 95 106
b 77 88 99 106
b 78 82 88 99
b 79 98 100 103
b 80 100 103 109
b 81 103 109 113
b 82 96 105 112
b 83 96 101 112
b 84 92 96 101
b 85 92 93 101
b 86 93 101 102
b 87 104 107 114
b 88 104 110 114
b 89 102 108 111
b 90 102 104 111
b 91 93 102 104
b 92 110 115 118
b 93 113 117 118
b 94 110 113 118
b 95 103 110 113
b 96 103 104 110
b 97 97 103 104
b 98 93 97 104
b 99 27 38 44 51
b 100 38 44 51 53
b 101 38 44 53 56
b 102 44 53 56 58
b 103 38 44 48 56
b 104 38 47 53 56
b 105 53 56 58 66
b 106 58 66 72
b 107 66 72 73
b 108 72 73 83 85
b 109 72 82 83 85
b 110 82 83 85 91 99
b 111 82 83 90 91 99
b 112 85 91 93 99
b 113 91 93 97 99
b 114 93 97 99
1 2
2 16
3 29
4 23
5 38
6 19
7 39
8 60
9 61
10 11
11 12
12 110
13 82
14 89
15 22
16 24
17 18
18 19
19 26
20 21
21 22
22 23
23 24
24 25
25 26
26 28
27 31
28 46
29 49
29 50
29 30
31 32
32 33
33 43
34 35
35 36
36 37
37 38
38 51
39 45
40 49
41 42
42 43
43 44
44 45
45 46
46 47
47 99
48 49
50 52
51 52
52 99
53 102
54 62
55 56
56 57
57 58
58 59
59 64
60 105
61 65
62 63
63 64
64 106
65 66
66 67
67 107
68 69
69 78
70 71
71 72
72 73
73 74
74 75
75 84
76 77
77 78
78 110
79 80
80 81
81 95
82 83
83 84
84 85
85 86
86 91
87 88
88 96
89 90
90 91
91 98
92 94
93 94
94 95
95 96
96 97
97 98
98 113
99 100
100 101
101 104
101 103
101 102
102 105
105 106
106 107
107 108
108 109
109 110
110 111
110 112
112 113
113 114
