s td 71 3 73
b 1 1 4 5
b 2 16 19 24
b 3 36 40 41
b 4 44 47 50
b 5 60 63 67
b 6 48 52 61
b 7 57 58 64
b 8 49 57 58
b 9 2 3 6
b 10 3 6 10
b 11 6 10 14
b 12 4 5 10
b 13 5 10 17
b 14 7 15 16
b 15 8 18 20
b 16 18 20 26
b 17 9 14 21
b 18 11 15 20
b 19 12 13 26
b 20 13 22 26
b 21 15 16 24
b 22 14 21 29
b 23 14 28 29
b 24 10 14 28
b 25 10 25 28
b 26 10 17 25
b 27 17 22 25
b 28 22 25 34
b 29 22 33 34
b 30 22 26 33
b 31 24 30 35
b 32 23 31 35
b 33 23 24 35
b 34 15 23 24
b 35 15 20 23
b 36 20 23 27
b 37 20 26 27
b 38 26 27 32
b 39 26 32 33
b 40 32 33 37
b 41 33 37 39
b 42 38 42 48
b 43 42 48 52
b 44 37 39 45
b 45 40 41 46
b 46 42 43 52
b 47 43 52 55
b 48 43 45 55
b 49 51 56 62
b 50 56 62 65
b 51 44 53 59
b 52 46 54 57
b 53 46 49 57
b 54 41 46 49
b 55 41 47 49
b 56 37 41 47
b 57 37 44 47
b 58 37 44 45
b 59 44 45 59
b 60 45 56 59
b 61 45 55 56
b 62 55 56 63
b 63 56 63 65
b 64 63 65 66
b 65 63 66 67
b 66 66 68 71
b 67 67 70 73
b 68 67 69 73
b 69 66 67 69
b 70 66 69 71
b 71 69 71 72
1 12
2 21
3 45
4 57
5 65
6 43
7 8
8 53
9 10
10 11
11 24
12 13
13 26
14 21
15 16
16 37
17 22
18 35
19 20
20 30
21 34
22 23
23 24
24 25
25 26
26 27
27 28
28 29
29 30
30 39
31 33
32 33
33 34
34 35
35 36
36 37
37 38
38 39
39 40
40 41
41 44
42 43
43 46
44 58
45 54
46 47
47 48
48 61
49 50
50 63
51 59
52 53
53 54
54 55
55 56
56 57
57 58
58 59
59 60
60 61
61 62
62 63
63 64
64 65
65 69
66 70
67 68
68 69
69 70
70 71
