s td 85 5 88
b 1 6 7 9
b 2 13 18 26
b 3 18 26 31
b 4 29 37 46
b 5 37 46 51
b 6 46 51 59
b 7 72 80 83
b 8 84 86 88
b 9 77 84 86
b 10 75 77 86
b 11 1 2 3
b 12 2 3 6
b 13 3 6 7
b 14 3 5 7
b 15 5 7 10
b 16 4 5 10
b 17 4 8 10 15
b 18 8 10 15 25
b 19 11 17 21
b 20 12 17 27
b 21 14 19 24
b 22 19 24 28
b 23 10 15 23 25
b 24 10 23 25
b 25 10 16 23
b 26 23 25 36
b 27 20 24 30
b 28 17 21 42
b 29 17 38 42
b 30 17 27 38
b 31 27 38 44
b 32 27 44 46
b 33 22 23 34
b 34 23 34 36
b 35 26 31 41
b 36 24 28 40
b 37 24 30 33 40
b 38 30 33 40
b 39 31 32 48
b 40 31 48 50
b 41 31 41 50
b 42 41 50 54
b 43 50 54 61
b 44 35 44 57
b 45 44 57 60
b 46 34 36 45 49
b 47 30 39 50
b 48 33 43 53
b 49 44 46 60
b 50 46 59 60
b 51 59 60 68
b 52 40 52 53
b 53 33 40 53
b 54 30 33 50
b 55 33 47 50
b 56 47 50 61
b 57 45 56 58
b 58 61 62 70
b 59 64 66 69
b 60 66 67 78
b 61 66 75 78
b 62 66 69 79
b 63 66 74 79
b 64 61 70 71 82
b 65 61 71 82
b 66 68 72 83
b 67 68 77 83
b 68 60 68 77
b 69 66 73 74
b 70 66 75 77
b 71 60 66 77
b 72 49 60 66
b 73 76 81 87
b 74 76 85 87
b 75 71 76 85
b 76 71 82 85
b 77 61 63 71
b 78 47 61 63
b 79 34 45 47 49
b 80 45 47 49 66
b 81 45 47 56 65 66
b 82 45 55 65 66
b 83 47 56 63 65
b 84 56 65 66 73
b 85 66 73
1 13
2 3
3 35
4 5
5 6
6 50
7 66
8 9
9 10
10 70
11 12
12 13
13 14
14 15
15 16
16 17
17 18
18 23
19 28
20 30
21 22
22 36
23 25
23 26
23 24
26 34
27 37
28 29
29 30
30 31
31 32
32 49
33 34
34 46
35 41
36 37
37 53
37 54
37 38
39 40
40 41
41 42
42 43
43 56
44 45
45 49
46 79
47 54
48 53
49 50
50 51
51 68
52 53
54 55
55 56
56 78
57 81
58 64
59 62
60 61
61 70
62 63
63 69
64 76
64 77
64 65
66 67
67 68
68 71
69 85
70 71
71 72
72 80
73 74
74 75
75 76
77 78
78 83
79 80
80 81
81 82
81 83
81 84
84 85
