s td 111 4 113
b 1 5 9 10
b 2 19 28 29
b 3 24 32 36
b 4 58 59 60
b 5 76 77 80
b 6 95 105 108
b 7 96 97 98
b 8 111 112 113
b 9 9 10 11
b 10 10 11 13
b 11 6 11 13
b 12 6 7 13
b 13 2 6 7
b 14 1 2 7
b 15 1 2 3
b 16 2 3 4
b 17 3 4 17
b 18 4 14 17
b 19 14 17 33
b 20 17 33 45
b 21 28 29 38
b 22 29 38 42
b 23 32 34 36
b 24 34 36 39
b 25 27 33 45
b 26 23 34 39
b 27 20 23 39
b 28 16 20 23
b 29 16 18 23
b 30 16 18 35
b 31 18 31 35
b 32 31 35 51
b 33 35 51 61
b 34 30 38 42
b 35 30 37 42
b 36 12 30 37
b 37 8 12 37
b 38 8 12 25
b 39 12 25 27
b 40 25 27 45
b 41 25 45 49
b 42 40 47 54
b 43 50 51 61
b 44 50 56 61
b 45 49 50 56
b 46 49 53 56
b 47 40 54 63
b 48 46 57 65
b 49 52 58 60
b 50 52 55 60
b 51 48 52 55
b 52 43 48 55
b 53 41 43 48
b 54 41 44 48
b 55 26 41 44
b 56 22 26 44
b 57 15 22 26
b 58 15 21 26
b 59 15 21 25
b 60 21 25 40
b 61 25 40 49
b 62 40 63 68
b 63 67 77 80
b 64 67 71 80
b 65 67 71 74
b 66 71 74 82
b 67 68 74 82
b 68 68 72 82
b 69 68 72 73
b 70 88 96 98
b 71 85 88 98
b 72 83 85 88
b 73 83 88 89
b 74 83 89 100
b 75 89 99 100
b 76 99 100 107
b 77 100 107 110
b 78 101 105 108
b 79 101 102 108
b 80 93 101 102
b 81 87 93 102
b 82 84 87 93
b 83 84 91 93
b 84 79 84 91
b 85 79 81 91
b 86 69 79 81
b 87 66 69 81
b 88 53 66 69
b 89 53 62 69
b 90 49 53 62
b 91 106 107 110
b 92 106 109 110
b 93 92 106 109
b 94 92 94 109
b 95 73 92 94
b 96 70 73 94
b 97 68 70 73
b 98 104 111 112
b 99 103 104 112
b 100 86 103 104
b 101 86 90 104
b 102 78 86 90
b 103 75 78 90
b 104 64 75 78
b 105 64 70 78
b 106 62 64 70
b 107 62 68 70
b 108 40 46 49 68
b 109 46 49 65 68
b 110 49 62 65 68
b 111 62 65 68
1 9
2 21
3 23
4 49
5 63
6 78
7 70
8 98
9 10
10 11
11 12
12 13
13 14
14 15
15 16
16 17
17 18
18 19
19 20
20 25
21 22
22 34
23 24
24 26
25 40
26 27
27 28
28 29
29 30
30 31
31 32
32 33
33 43
34 35
35 36
36 37
37 38
38 39
39 40
40 41
41 61
42 47
43 44
44 45
45 46
46 90
47 62
48 109
49 50
50 51
51 52
52 53
53 54
54 55
55 56
56 57
57 58
58 59
59 60
60 61
61 108
62 108
63 64
64 65
65 66
66 67
67 68
68 69
69 97
70 71
71 72
72 73
73 74
74 75
75 76
76 77
77 91
78 79
79 80
80 81
81 82
82 83
83 84
84 85
85 86
86 87
87 88
88 89
89 90
90 110
91 92
92 93
93 94
94 95
95 96
96 97
97 107
98 99
99 100
100 101
101 102
102 103
103 104
104 105
105 106
106 107
107 111
108 109
109 110
110 111
