s td 87 5 96
b 1 79 82 83
b 2 1 3 5
b 3 2 4 12
b 4 4 9 12
b 5 3 5 10
b 6 5 7 10
b 7 7 14
b 8 6 8 11
b 9 8 11 13
b 10 9 11 12
b 11 11 12 13
b 12 12 13 15
b 13 13 15 16
b 14 14 15 26
b 15 15 16 22
b 16 17 18 20
b 17 18 20 27
b 18 20 27 29
b 19 20 22
b 20 19 24 25
b 21 24 25 30
b 22 25 26
b 23 15 22 65
b 24 31 32 37
b 25 28 33 39
b 26 28 34 39
b 27 23 28 39
b 28 35 36 40
b 29 36 40 47
b 30 40 44 47
b 31 23 39 46
b 32 40 41 44
b 33 41 44 45
b 34 26 41 45
b 35 26 45 64
b 36 46 48 52
b 37 53 54 58
b 38 54 58 68
b 39 58 68 71
b 40 58 65
b 41 59 66 72
b 42 66 72 74
b 43 64 66
b 44 57 60 67
b 45 57 61 67
b 46 52 57 67
b 47 15 65 78
b 48 52 67 73
b 49 62 69 70
b 50 76 80 81
b 51 80 81 84
b 52 81 84 87
b 53 85 86 89
b 54 85 88 89
b 55 85 89
b 56 82 85
b 57 78 82 90
b 58 78 90
b 59 84 87 95
b 60 84 91 96
b 61 84 95 96
b 62 84 96
b 63 77 84
b 64 64 77 78
b 65 90 92 94
b 66 90 93 94
b 67 90 94
b 68 21 32 37 38
b 69 21 37 38 42
b 70 21 38 42 43
b 71 21 42 43 50
b 72 21 43 50 51
b 73 23 46 49 52
b 74 23 49 52 73
b 75 23 49 50 73
b 76 21 50 51 56
b 77 21 50 56 70
b 78 21 50 70 75
b 79 50 56 62 70
b 80 50 55 56 62
b 81 56 62 63 70
b 82 15 21 23 73 75
b 83 15 23 64 73 75
b 84 15 23 26 64
b 85 15 64 75 78
b 86 21 23 50 73 75
b 87 78
1 57
2 5
3 4
4 10
5 6
6 7
7 14
8 9
9 11
10 11
11 12
12 13
13 15
14 84
15 23
16 17
17 18
18 19
19 23
20 21
21 22
22 84
23 47
24 68
25 27
26 27
27 31
28 29
29 30
30 32
31 73
32 33
33 34
34 35
35 84
36 73
37 38
38 39
39 40
40 47
41 42
42 43
43 83
44 46
45 46
46 48
47 85
48 74
49 79
50 51
51 52
52 59
53 55
54 55
55 56
56 57
57 67
57 87
57 58
59 61
60 62
61 62
62 63
63 64
64 85
65 67
66 67
68 69
69 70
70 71
71 72
72 76
73 74
74 75
75 86
76 77
77 79
77 78
78 86
79 81
79 80
82 83
82 86
83 84
83 85
85 87
